0.00383891 -14.30852262 5.58762937 0 47100.7751577363
0.00383801 -14.30859384 5.57754237 0 47100.7751597033
0.00383746 -14.3091086 5.57015981 0 47100.7751616704
0.00383711 -14.31121834 5.56087286 0 47100.7751636375
0.00383734 -14.31546641 5.55241712 0 47100.7751656046
0.00383796 -14.32205183 5.5423393 0 47100.7751675717
0.00383849 -14.32740838 5.53430815 0 47100.7751695388
0.00383931 -14.33388012 5.52670422 0 47100.7751715059
0.00384069 -14.34240111 5.51988463 0 47100.775173473
0.00382973 -14.26319377 5.60273025 0 47100.7952182838
0.00382778 -14.25936671 5.59113119 0 47100.7952202509
0.00382649 -14.25795195 5.58048656 0 47100.795222218
0.00382551 -14.25774037 5.57031884 0 47100.7952241851
0.00382471 -14.25817384 5.56040781 0 47100.7952261522
0.00382419 -14.25962559 5.55089738 0 47100.7952281193
0.00382406 -14.26256241 5.54196675 0 47100.7952300864
0.00382436 -14.2670786 5.53364936 0 47100.7952320535
0.00382472 -14.27177646 5.52540071 0 47100.7952340206
0.00382542 -14.27777545 5.51765304 0 47100.7952359877
0.00382644 -14.28498319 5.51036795 0 47100.7952379548
0.00382784 -14.29358718 5.50361508 0 47100.7952399219
0.00382964 -14.30368176 5.49742773 0 47100.7952418889
0.00383182 -14.3151746 5.49176733 0 47100.795243856
0.00382521 -14.24291093 5.6048519 0 47100.8152827656
0.00382326 -14.23908692 5.59326083 0 47100.8152847327
0.00382174 -14.23683674 5.58229713 0 47100.8152866997
0.00382086 -14.23699963 5.57228593 0 47100.8152886668
0.00382011 -14.23762132 5.56245858 0 47100.8152906339
0.00381961 -14.23916796 5.55299589 0 47100.815292601
0.00381954 -14.24229256 5.54415008 0 47100.8152945681
0.00381954 -14.2456913 5.53541119 0 47100.8152965352
0.00381977 -14.24992377 5.52699566 0 47100.8152985023
0.00382002 -14.25424453 5.51861312 0 47100.8153004694
0.00382064 -14.25995952 5.51076807 0 47100.8153024365
0.00382177 -14.26753624 5.50363787 0 47100.8153044036
0.00382319 -14.27622943 5.49693164 0 47100.8153063707
0.00382482 -14.28566651 5.49050381 0 47100.8153083378
0.00382667 -14.29594136 5.48438883 0 47100.8153103049
0.00382817 -14.30490666 5.47776266 0 47100.815312272
0.00382471 -14.24104984 5.60411953 0 47100.8353492144
0.00382313 -14.23862154 5.59307802 0 47100.8353511815
0.00382186 -14.23730224 5.58247965 0 47100.8353531486
0.00382099 -14.23746524 5.57246817 0 47100.8353551157
0.00382054 -14.23920476 5.56307721 0 47100.8353570828
0.00382019 -14.24216245 5.55164717 0 47100.8353590499
0.00381977 -14.24313126 5.54447657 0 47100.835361017
0.00381979 -14.2466234 5.53577337 0 47100.8353629841
0.00382032 -14.25197489 5.52779121 0 47100.8353649512
0.00382122 -14.25872076 5.52034613 0 47100.8353669183
0.00382214 -14.26555615 5.51293089 0 47100.8353688853
0.00382332 -14.27332079 5.50586924 0 47100.8353708524
0.00382499 -14.28294856 5.49951878 0 47100.8353728195
0.00382697 -14.29369403 5.49358908 0 47100.8353747866
0.00382944 -14.3063049 5.48836463 0 47100.8353767537
0.00383071 -14.2685422 5.59977943 0 47100.8554195974
0.00382906 -14.26497244 5.59080503 0 47100.8554215645
0.00382784 -14.26383657 5.58026701 0 47100.8554235316
0.00382736 -14.26548762 5.57082375 0 47100.8554254987
0.00382724 -14.26928976 5.55970049 0 47100.8554274658
0.00382761 -14.27409603 5.55148874 0 47100.8554294329
0.00382834 -14.28020269 5.54377984 0 47100.8554314
0.00382934 -14.28733095 5.53646299 0 47100.8554333671
0.00383074 -14.29594786 5.5297167 0 47100.8554353342
0.00383251 -14.30596119 5.52350218 0 47100.8554373013
0.00383404 -14.31503917 5.51691785 0 47100.8554392684
