0.00340422 -12.63912676 5.07925608 0 47244.5784806666
0.00340374 -12.64047717 5.07079347 0 47244.5784826337
0.00340247 -12.63885127 5.06114153 0 47244.5784846008
0.00340097 -12.63638259 5.05115943 0 47244.5784865679
0.00339947 -12.63390642 5.04118226 0 47244.578488535
0.0033986 -12.63374532 5.03213512 0 47244.5784905021
0.00339812 -12.63506465 5.02368122 0 47244.5784924692
0.00339778 -12.63684311 5.01541205 0 47244.5784944363
0.00339763 -12.63935994 5.00743724 0 47244.5784964034
0.00339843 -12.64540544 5.0008587 0 47244.5784983705
0.00339948 -12.65237777 4.9946418 0 47244.5785003376
0.0034007 -12.6599985 4.98867487 0 47244.5785023047
0.00340208 -12.66893915 4.980977 0 47244.5785042718
0.0034037 -12.67804338 4.97557813 0 47244.5785062389
0.00340115 -12.63160186 5.06498405 0 47244.5985490826
0.00339855 -12.62505164 5.05336878 0 47244.5985510497
0.0033965 -12.62053489 5.04257973 0 47244.5985530168
0.00339482 -12.61740293 5.03235381 0 47244.5985549839
0.00339328 -12.61472771 5.02231859 0 47244.598556951
0.00339213 -12.61353181 5.01287946 0 47244.598558918
0.00339135 -12.61372337 5.00399681 0 47244.5985608851
0.00339083 -12.61483853 4.995484 0 47244.5985628522
0.00339065 -12.61724996 4.98748636 0 47244.5985648193
0.00339056 -12.6199354 4.97959775 0 47244.5985667864
0.00339043 -12.62252286 4.97167108 0 47244.5985687535
0.00339056 -12.626036 4.964109 0 47244.5985707206
0.00339108 -12.63103402 4.95712901 0 47244.5985726877
0.00339188 -12.63705243 4.95054599 0 47244.5985746548
0.00339281 -12.64353319 4.94413954 0 47244.5985766219
0.00339408 -12.65131501 4.93823606 0 47244.598578589
0.00339576 -12.66058518 4.93290576 0 47244.5985805561
0.00339778 -12.67191408 4.92612986 0 47244.5985825232
0.00340127 -12.63749687 5.05160484 0 47244.6186174985
0.00339855 -12.6304699 5.03981102 0 47244.6186194656
0.00339627 -12.62510545 5.02869379 0 47244.6186214327
0.00339438 -12.62112599 5.01813923 0 47244.6186233998
0.00339258 -12.61751012 5.00773901 0 47244.6186253669
0.00339113 -12.61518782 4.99786077 0 47244.618627334
0.00339015 -12.614625 4.988686 0 47244.6186293011
0.00338941 -12.61489281 4.97984427 0 47244.6186312682
0.00338886 -12.61589881 4.97129738 0 47244.6186332353
0.00338851 -12.61764356 4.96304395 0 47244.6186352024
0.00338838 -12.62022067 4.95511919 0 47244.6186371695
0.00338826 -12.62279281 4.94719312 0 47244.6186391366
0.00338843 -12.62647749 4.93970296 0 47244.6186411036
0.00338874 -12.63062348 4.93239202 0 47244.6186430707
0.00338946 -12.63634918 4.92569527 0 47244.6186450378
0.00339016 -12.64197821 4.91895708 0 47244.6186470049
0.00339096 -12.6479766 4.91235865 0 47244.618648972
0.00339214 -12.65537023 4.90629692 0 47244.6186509391
0.00339369 -12.66416008 4.90076932 0 47244.6186529062
0.00339536 -12.67341433 4.89541293 0 47244.6186548733
0.00339671 -12.68145381 4.88957936 0 47244.6186568404
0.00340197 -12.65014626 5.0274308 0 47244.6386898486
0.00339958 -12.64430481 5.01612879 0 47244.6386918157
0.00339755 -12.63984889 5.00538812 0 47244.6386937828
0.00339548 -12.63519856 4.99458128 0 47244.6386957499
0.00339363 -12.63137691 4.98411237 0 47244.638697717
0.00339251 -12.63024542 4.97471279 0 47244.6386996841
0.00339153 -12.62966555 4.96553601 0 47244.6387016512
0.00339078 -12.62991696 4.95669062 0 47244.6387036183
0.00339026 -12.63100027 4.94817506 0 47244.6387055854
0.00338988 -12.63263668 4.93987856 0 47244.6387075525
0.00338973 -12.63510606 4.93190916 0 47244.6387095196
0.00338966 -12.63784994 4.9240475 0 47244.6387114867
0.00339001 -12.64217333 4.91680053 0 47244.6387134538
0.00339056 -12.64723836 4.90983963 0 47244.6387154209
0.00339109 -12.65220636 4.90283822 0 47244.6387173879
0.00339179 -12.65782339 4.8960851 0 47244.638719355
0.00339281 -12.66464964 4.88979517 0 47244.6387213221
0.00339421 -12.67287259 4.88403812 0 47244.6387232892
0.00339596 -12.68314805 4.8768302 0 47244.6387252563
0.00339814 -12.69425997 4.87216539 0 47244.6387272234
0.00340036 -12.70555771 4.86756032 0 47244.6387291905
0.00340817 -12.6824415 5.01325599 0 47244.6587621988
0.0034066 -12.67965452 5.00316184 0 47244.6587641658
0.00340415 -12.67360343 4.99179034 0 47244.6587661329
0.00340143 -12.66651945 4.98002566 0 47244.6587681
0.00339965 -12.66296315 4.9696598 0 47244.6587700671
0.00339826 -12.66079554 4.95984732 0 47244.6587720342
0.00339693 -12.65890007 4.95014862 0 47244.6587740013
0.00339601 -12.65848794 4.9410359 0 47244.6587759684
0.00339553 -12.65974659 4.93257902 0 47244.6587779355
0.00339523 -12.66165202 4.92437619 0 47244.6587799026
0.00339496 -12.66364538 4.91620906 0 47244.6587818697
0.00339506 -12.66703213 4.90858334 0 47244.6587838368
0.00339541 -12.67134696 4.90131606 0 47244.6587858039
0.00339596 -12.67640395 4.89433348 0 47244.658787771
0.00339676 -12.68239024 4.88770615 0 47244.6587897381
0.00339804 -12.69014648 4.88175549 0 47244.6587917052
0.00339941 -12.6982736 4.87594054 0 47244.6587936723
0.00340116 -12.70779902 4.87065429 0 47244.6587956394
0.00340336 -12.71900389 4.86600136 0 47244.6587976065
0.00341215 -12.72322935 4.95281871 0 47244.6788443844
0.00341018 -12.71890194 4.94215062 0 47244.6788463514
0.00340881 -12.71680383 4.93235758 0 47244.6788483185
0.00340863 -12.71917472 4.92430198 0 47244.6788502856
0.00340846 -12.72154052 4.91624532 0 47244.6788522527
0.00340833 -12.72408782 4.90825959 0 47244.6788542198
0.00340903 -12.72970971 4.90145836 0 47244.6788561869
0.00341043 -12.73794166 4.89565658 0 47244.678858154
0.00341241 -12.74831868 4.89067035 0 47244.6788601211
