0.00267071 -9.13113127 5.55295237 0 47385.2916253761
0.00266896 -9.12855307 5.54371604 0 47385.2916273432
0.00266706 -9.12545394 5.53417384 0 47385.2916293103
0.00266561 -9.12303865 5.52696924 0 47385.2916312774
0.00266451 -9.12266296 5.51909382 0 47385.2916332445
0.00266381 -9.1244958 5.51064894 0 47385.2916352116
0.00266314 -9.1255627 5.50365579 0 47385.2916371787
0.00266276 -9.12765242 5.4972825 0 47385.2916391458
0.00266271 -9.1308518 5.49157874 0 47385.2916411129
0.00266267 -9.13404761 5.48587312 0 47385.29164308
0.00266294 -9.13835471 5.4808343 0 47385.2916450471
0.00266364 -9.1441175 5.47666575 0 47385.2916470142
0.00266434 -9.14987862 5.47249219 0 47385.2916489813
0.00266527 -9.15641072 5.4687751 0 47385.2916509484
0.00266644 -9.16380056 5.4655643 0 47385.2916529154
0.00266794 -9.1723068 5.46301172 0 47385.2916548825
0.00266927 -9.18021173 5.46009293 0 47385.2916568496
0.00266591 -9.11727598 5.53878174 0 47385.311693792
0.00266371 -9.11314848 5.52862305 0 47385.3116957591
0.00266191 -9.1103804 5.51930055 0 47385.3116977262
0.00266036 -9.10845992 5.51050116 0 47385.3116996933
0.00265916 -9.10773037 5.50243015 0 47385.3117016604
0.00265812 -9.10750809 5.49467206 0 47385.3117036275
0.00265732 -9.10813628 5.48743237 0 47385.3117055946
0.00265679 -9.10970157 5.48076105 0 47385.3117075617
0.00265627 -9.11126211 5.47408988 0 47385.3117095288
0.00265582 -9.11307514 5.4675732 0 47385.3117114959
0.00265544 -9.11514095 5.46121054 0 47385.311713463
0.00265512 -9.11737402 5.45495008 0 47385.3117154301
0.002655 -9.12028959 5.44909926 0 47385.3117173972
0.00265512 -9.12406018 5.44375929 0 47385.3117193643
0.00265552 -9.12877264 5.43897976 0 47385.3117213314
0.00265592 -9.13348267 5.43419651 0 47385.3117232985
0.00265635 -9.13827623 5.42946059 0 47385.3117252656
0.00265685 -9.14332543 5.42487392 0 47385.3117272327
0.0026575 -9.14888864 5.42058894 0 47385.3117291997
0.00265855 -9.15582706 5.4171139 0 47385.3117311668
0.00265987 -9.16371171 5.41419193 0 47385.3117331339
0.0026614 -9.17228524 5.41166885 0 47385.311735101
0.00266312 -9.18154839 5.40954338 0 47385.3117370681
0.00266511 -9.12640929 5.51753695 0 47385.3317661422
0.00266276 -9.12174532 5.50707871 0 47385.3317681093
0.00266074 -9.11818528 5.49729949 0 47385.3317700764
0.00265939 -9.1169298 5.48891934 0 47385.3317720435
0.00265817 -9.11609598 5.48080044 0 47385.3317740106
0.00265714 -9.11594152 5.47309641 0 47385.3317759776
0.00265627 -9.11629563 5.46570317 0 47385.3317779447
0.00265562 -9.11741628 5.45877387 0 47385.3317799118
0.00265487 -9.11818855 5.45163999 0 47385.3317818789
0.00265437 -9.11981411 5.44501985 0 47385.331783846
0.00265397 -9.12177854 5.43860461 0 47385.3317858131
0.0026538 -9.12451184 5.43264943 0 47385.3317877802
0.0026538 -9.12784296 5.42705068 0 47385.3317897473
0.00265385 -9.13134262 5.42155199 0 47385.3317917144
0.00265397 -9.13509702 5.41620405 0 47385.3317936815
0.00265395 -9.138332 5.41054786 0 47385.3317956486
0.00265412 -9.14225212 5.40529689 0 47385.3317976157
0.00265455 -9.14703034 5.40055156 0 47385.3317995828
0.00265522 -9.15266762 5.39631029 0 47385.3318015499
0.00265588 -9.15821695 5.39201339 0 47385.331803517
0.00265668 -9.16428169 5.38801582 0 47385.3318054841
0.00265795 -9.17198345 5.3849748 0 47385.3318074512
0.00266689 -9.14937802 5.49317127 0 47385.3518424265
0.00266499 -9.14622803 5.48364924 0 47385.3518443936
0.00266327 -9.14367039 5.47449271 0 47385.3518463607
0.00266177 -9.14187742 5.46580324 0 47385.3518483278
0.00266072 -9.14162272 5.45804077 0 47385.3518502949
0.00265964 -9.14127605 5.45022945 0 47385.351852262
0.00265872 -9.14143878 5.44272757 0 47385.3518542291
0.00265817 -9.14288507 5.43599411 0 47385.3518561962
0.00265762 -9.14432654 5.42926093 0 47385.3518581632
0.00265725 -9.14636531 5.42288503 0 47385.3518601303
0.00265707 -9.1490881 5.41691624 0 47385.3518620974
0.0026568 -9.15146268 5.41074257 0 47385.3518640645
0.00265667 -9.1543498 5.40487308 0 47385.3518660316
0.00265675 -9.1579223 5.39940839 0 47385.3518679987
0.00265702 -9.16218094 5.39434724 0 47385.3518699658
0.00265742 -9.16686783 5.3895363 0 47385.3518719329
0.00265783 -9.17155227 5.38472165 0 47385.3518739
0.00265855 -9.17735572 5.38056077 0 47385.3518758671
0.00265923 -9.18298492 5.37629375 0 47385.3518778342
0.00266005 -9.18913031 5.37232468 0 47385.3518798013
0.00266125 -9.19656968 5.36910635 0 47385.3518817684
0.00266255 -9.20435413 5.36608239 0 47385.3518837355
0.00266423 -9.21343464 5.36380557 0 47385.3518857026
0.00267484 -9.19601953 5.47713498 0 47385.3719206779
0.00267326 -9.19396326 5.46827189 0 47385.371922645
0.00267154 -9.19138371 5.45910699 0 47385.3719246121
0.00266984 -9.18804641 5.45140756 0 47385.3719265792
0.00266839 -9.1863991 5.44281336 0 47385.3719285463
0.00266719 -9.18643877 5.43332358 0 47385.3719305134
0.00266637 -9.18692888 5.42600863 0 47385.3719324805
0.00266592 -9.18870549 5.41945715 0 47385.3719344476
0.00266552 -9.19064986 5.41300703 0 47385.3719364147
0.00266512 -9.19258977 5.40655657 0 47385.3719383818
0.00266502 -9.19555996 5.40071347 0 47385.3719403488
0.00266515 -9.19930277 5.39532408 0 47385.3719423159
0.00266545 -9.20364647 5.3902859 0 47385.371944283
0.00266585 -9.20833272 5.38544634 0 47385.3719462501
0.00266655 -9.21405273 5.38120825 0 47385.3719482172
0.00266755 -9.2208076 5.3775697 0 47385.3719501843
0.00266882 -9.22851202 5.37447847 0 47385.3719521514
0.00267027 -9.23682124 5.37173171 0 47385.3719541185
0.00267205 -9.24625473 5.36962963 0 47385.3719560856
0.00267397 -9.25620816 5.367819 0 47385.3719580527
