0.00469255 18.102457 4.98367223 0 46798.6542588547
0.00469035 18.09091302 4.99243681 0 46798.6542608218
0.00468878 18.08177462 5.00185563 0 46798.6542627889
0.00468808 18.07600421 5.01220032 0 46798.654264756
0.0046874 18.07032426 5.02256659 0 46798.6542667231
0.00468733 18.06695035 5.0335719 0 46798.6542686902
0.00468755 18.06472551 5.04489773 0 46798.6542706573
0.0046885 18.06451035 5.05977533 0 46798.6542726244
0.0046904 18.06949758 5.07014039 0 46798.6542745915
0.0046926 18.07485479 5.08360828 0 46798.6542765586
0.00468703 18.08038599 4.98057955 0 46798.674325343
0.00468491 18.06913345 4.98940914 0 46798.6743273101
0.00468323 18.05884473 5.00147695 0 46798.6743292772
0.00468178 18.05018411 5.01100425 0 46798.6743312443
0.0046809 18.04450436 5.01837174 0 46798.6743332114
0.00468043 18.0395918 5.02893151 0 46798.6743351785
0.0046805 18.03679191 5.04007922 0 46798.6743371456
0.0046806 18.03408143 5.05125235 0 46798.6743391127
0.0046812 18.03328958 5.06296466 0 46798.6743410798
0.00468265 18.03576301 5.07559894 0 46798.6743430469
0.00468415 18.03842022 5.08829246 0 46798.674345014
0.00468617 18.04230671 5.10432996 0 46798.6743469811
0.00468907 18.05033161 5.11856322 0 46798.6743489482
0.00468618 18.07481477 4.98799427 0 46798.6943898642
0.00468385 18.06278768 4.99660338 0 46798.6943918313
0.00468193 18.05229866 5.00562713 0 46798.6943937984
0.00468008 18.04209441 5.01472023 0 46798.6943957655
0.00467875 18.03390876 5.0243663 0 46798.6943977326
0.00467813 18.02841487 5.03475734 0 46798.6943996997
0.00467778 18.02397431 5.04544005 0 46798.6944016668
0.0046777 18.02058652 5.05641638 0 46798.6944036339
0.00467782 18.01796217 5.06760705 0 46798.694405601
0.00467817 18.0161971 5.07904061 0 46798.6944075681
0.00467915 18.01683059 5.09115372 0 46798.6944095352
0.0046805 18.01889921 5.10367831 0 46798.6944115023
0.00468222 18.02240222 5.11661701 0 46798.6944134694
0.00468464 18.02858922 5.13032829 0 46798.6944154365
0.00468802 18.03842043 5.14509138 0 46798.6944174036
0.00468428 18.0605885 5.0109091 0 46798.7144602867
0.00468148 18.04672026 5.01898801 0 46798.7144622538
0.00467968 18.03670199 5.02812592 0 46798.7144642209
0.00467858 18.02860304 5.04077232 0 46798.714466188
0.00467778 18.02242568 5.05096898 0 46798.7144681551
0.00467735 18.0176867 5.06156563 0 46798.7144701222
0.00467707 18.01351904 5.072321 0 46798.7144720893
0.00467717 18.01078857 5.08348061 0 46798.7144740564
0.00467755 18.00910965 5.09493822 0 46798.7144760235
0.00467847 18.00953998 5.10699587 0 46798.7144779906
0.00468014 18.012848 5.11987618 0 46798.7144799577
0.00468217 18.01749342 5.13314606 0 46798.7144819248
0.00468472 18.02414861 5.1470002 0 46798.7144838919
0.00468766 18.03233181 5.16130471 0 46798.714485859
0.00468675 18.0624169 5.04126659 0 46798.7345287421
0.0046845 18.0506533 5.04992279 0 46798.7345307092
0.00468252 18.03994503 5.05886345 0 46798.7345326763
0.00468117 18.03163931 5.06846938 0 46798.7345346434
0.00468027 18.02506115 5.07855517 0 46798.7345366105
0.00467972 18.0198247 5.08901528 0 46798.7345385776
0.00467955 18.01602549 5.09987943 0 46798.7345405447
0.00468002 18.014721 5.11145054 0 46798.7345425118
0.00468089 18.01494806 5.12345965 0 46798.7345444789
0.00468247 18.0178599 5.13623856 0 46798.734546446
0.00468467 18.02316663 5.1497098 0 46798.7345484131
0.00468721 18.02980951 5.16357493 0 46798.7345503802
0.0046911 18.07141546 5.07366875 0 46798.7545991646
0.00469012 18.06454501 5.08369873 0 46798.7546011317
0.0046889 18.05670662 5.09345071 0 46798.7546030988
0.00468772 18.04905552 5.10324939 0 46798.7546050659
0.00468692 18.04284236 5.1134496 0 46798.754607033
0.00468709 18.04037505 5.12470981 0 46798.7546090001
0.00468772 18.03963191 5.13646184 0 46798.7546109672
0.00468907 18.04166979 5.14901075 0 46798.7546129343
0.00469149 18.04783324 5.16274672 0 46798.7546149014
