0.00513673 19.84900731 5.33371233 0 46991.0343437387
0.00513533 19.8403239 5.34443285 0 46991.0343457058
0.00513363 19.83047629 5.35483189 0 46991.0343476729
0.00513215 19.82149213 5.36545602 0 46991.03434964
0.00513155 19.81588026 5.3769877 0 46991.0343516071
0.0051318 19.81354249 5.38940692 0 46991.0343535742
0.0051326 19.81331946 5.40240402 0 46991.0343555413
0.00513422 19.81627118 5.41627293 0 46991.0343575084
0.00513635 19.82114224 5.43067599 0 46991.0343594755
0.00513001 19.82873671 5.30544471 0 46991.0544042863
0.00512738 19.81533637 5.3148892 0 46991.0544062534
0.00512513 19.80419694 5.32167114 0 46991.0544082205
0.00512338 19.79335103 5.33503608 0 46991.0544101875
0.00512236 19.786116 5.34610957 0 46991.0544121546
0.00512148 19.77945397 5.35733304 0 46991.0544141217
0.00512123 19.77519827 5.36920542 0 46991.0544160888
0.00512165 19.77354067 5.38178365 0 46991.0544180559
0.00512218 19.77226098 5.39446716 0 46991.054420023
0.00512305 19.77232358 5.40752044 0 46991.0544219901
0.00512482 19.7758495 5.42152763 0 46991.0544239572
0.00512705 19.78110133 5.43601817 0 46991.0544259243
0.00512763 19.81874591 5.30602918 0 46991.0744707351
0.00512501 19.80534562 5.31546598 0 46991.0744727022
0.00512268 19.79310001 5.3252001 0 46991.0744746693
0.00512131 19.78451882 5.33591071 0 46991.0744766364
0.00512051 19.77815223 5.34721306 0 46991.0744786035
0.00512026 19.77308039 5.36211802 0 46991.0744805706
0.0051202 19.76959381 5.37419604 0 46991.0744825377
0.00512065 19.76885552 5.38376547 0 46991.0744845048
0.00512148 19.76873217 5.39676244 0 46991.0744864718
0.00512288 19.77081875 5.41036836 0 46991.0744884389
0.00512482 19.77501769 5.42456087 0 46991.074490406
0.00513253 19.83360007 5.32631049 0 46991.0945371839
0.00513195 19.82810753 5.33788023 0 46991.094539151
0.00513053 19.81932568 5.34855939 0 46991.0945411181
0.00512953 19.81217921 5.35967371 0 46991.0945430852
0.00512913 19.80651878 5.37444749 0 46991.0945450523
0.00512918 19.80341062 5.38665098 0 46991.0945470194
0.00513015 19.80386463 5.39982601 0 46991.0945489865
0.00513195 19.80749316 5.41387368 0 46991.0945509536
0.00513392 19.81261938 5.42507393 0 46991.0945529207
