0.00513707 19.82975941 5.41015445 0 46559.5442411841
0.00513555 19.82055243 5.42071051 0 46559.5442431512
0.00513435 19.81259371 5.43160102 0 46559.5442451182
0.00513387 19.80742542 5.44325225 0 46559.5442470853
0.00513382 19.80388925 5.45535067 0 46559.5442490524
0.00513479 19.80429779 5.46853808 0 46559.5442510195
0.00513647 19.80739613 5.48247497 0 46559.5442529866
0.00513839 19.81144843 5.49668507 0 46559.5442549537
0.00513283 19.82245124 5.37224264 0 46559.5642997645
0.00513063 19.81065926 5.38209629 0 46559.5643017316
0.00512913 19.80156426 5.39267323 0 46559.5643036987
0.0051283 19.79506843 5.4039521 0 46559.5643056658
0.0051278 19.78982012 5.41556817 0 46559.5643076329
0.00512762 19.78581869 5.42752373 0 46559.5643096
0.00512812 19.78441341 5.44019227 0 46559.5643115671
0.00512907 19.78473532 5.45333944 0 46559.5643135342
0.00513062 19.78736187 5.4671282 0 46559.5643155013
0.00513264 19.79181002 5.48142936 0 46559.5643174684
0.00513554 19.79962053 5.49667428 0 46559.5643194355
0.0051323 19.8294594 5.33824417 0 46559.5843603121
0.00512953 19.81546383 5.34751721 0 46559.5843622792
0.00512778 19.8054221 5.35784575 0 46559.5843642462
0.00512635 19.79580615 5.37154065 0 46559.5843662133
0.00512543 19.78893652 5.38271394 0 46559.5843681804
0.00512508 19.78427961 5.39448586 0 46559.5843701475
0.00512505 19.78086972 5.40659684 0 46559.5843721146
0.0051253 19.77851331 5.41899634 0 46559.5843740817
0.00512605 19.77807772 5.43192465 0 46559.5843760488
0.0051275 19.78033328 5.44559767 0 46559.5843780159
0.00512964 19.78527861 5.46002035 0 46559.584379983
0.00513252 19.79300872 5.47522431 0 46559.5843819501
0.00513068 19.82808572 5.31830885 0 46559.6044208596
0.00512838 19.81593456 5.32808426 0 46559.6044228267
0.00512671 19.80619273 5.33849739 0 46559.6044247938
0.00512543 19.79799019 5.34931791 0 46559.6044267609
0.0051246 19.79151923 5.36060096 0 46559.604428728
0.00512438 19.78735803 5.37250694 0 46559.6044306951
0.0051249 19.78608437 5.38519768 0 46559.6044326622
0.00512525 19.78412727 5.39770464 0 46559.6044346293
0.00512617 19.7843808 5.41081795 0 46559.6044365964
0.00512772 19.78703672 5.4245946 0 46559.6044385635
0.00512975 19.79151526 5.43888 0 46559.6044405306
0.00513219 19.79762266 5.45362442 0 46559.6044424976
0.00513326 19.84536056 5.29358657 0 46559.6244814072
0.00513063 19.8319654 5.30304904 0 46559.6244833743
0.00512883 19.82175357 5.31335149 0 46559.6244853413
0.00512711 19.81182629 5.32372126 0 46559.6244873084
0.00512623 19.80517673 5.33496518 0 46559.6244892755
0.00512618 19.80170672 5.34706323 0 46559.6244912426
0.00512605 19.79793975 5.35908065 0 46559.6244932097
0.00512615 19.79503407 5.37133114 0 46559.6244951768
0.0051272 19.79578759 5.38457747 0 46559.6244971439
0.00512848 19.79740061 5.3980635 0 46559.624499111
0.00513032 19.80122314 5.41215993 0 46559.6245010781
0.00513317 19.80889366 5.42732007 0 46559.6245030452
0.00513476 19.85440288 5.28295254 0 46559.6445439218
0.00513306 19.84458759 5.29338039 0 46559.6445458889
0.00513138 19.83486357 5.30382401 0 46559.644547856
0.00513011 19.82667966 5.31467196 0 46559.6445498231
0.00512971 19.82187 5.32642014 0 46559.6445517902
0.00512998 19.81966045 5.33886669 0 46559.6445537573
0.00513023 19.81734656 5.35128646 0 46559.6445557244
0.00513103 19.81714845 5.36428023 0 46559.6445576915
0.0051327 19.82031972 5.37819234 0 46559.6445596586
0.0051351 19.8262797 5.39287152 0 46559.6445616257
0.00513817 19.83483403 5.4082703 0 46559.6445635928
0.00514021 19.87871084 5.2763628 0 46559.6646064364
0.00513876 19.86986488 5.28706674 0 46559.6646084035
0.00513748 19.86168962 5.29794221 0 46559.6646103706
0.00513653 19.85557849 5.3061 0 46559.6646123377
0.00513643 19.85111693 5.32122253 0 46559.6646143048
0.00513723 19.8509388 5.33423135 0 46559.6646162719
0.00513885 19.85393859 5.34810027 0 46559.664618239
0.00514035 19.85644613 5.36184454 0 46559.6646202061
0.00514175 19.85855817 5.37548938 0 46559.6646221732
